0001_0051_0095_0279_0279.jpg 1 51 95 279 279
0002_0092_0171_0164_0164.jpg 1 92 171 164 164
0003_0168_0060_0222_0222.jpg 1 168 60 222 222
0004_0068_0057_0261_0261.jpg 1 68 57 261 261
0005_0119_0147_0211_0211.jpg 1 119 147 211 211
0006_0275_0033_0195_0195.jpg 1 275 33 195 195
0007_0117_0118_0309_0309.jpg 1 117 118 309 309
0008_0371_0236_0100_0100.jpg 1 371 236 100 100
0009_0207_0082_0302_0302.jpg 1 207 82 302 302
0010_0140_0199_0285_0285.jpg 1 140 199 285 285
0011_0137_0141_0239_0239.jpg 1 137 141 239 239
0012_0110_0135_0242_0242.jpg 1 110 135 242 242
0013_0320_0208_0049_0049.jpg 1 320 208 49 49
0014_0232_0062_0097_0097.jpg 1 232 62 97 97
0015_0336_0069_0163_0163.jpg 1 336 69 163 163
0016_0188_0316_0095_0095.jpg 1 188 316 95 95
0017_0175_0026_0332_0332.jpg 1 175 26 332 332
0018_0056_0179_0269_0269.jpg 1 56 179 269 269
0019_0249_0247_0089_0089.jpg 1 249 247 89 89
0020_0244_0061_0328_0328.jpg 1 244 61 328 328
0021_0070_0143_0297_0297.jpg 1 70 143 297 297
0022_0298_0061_0105_0105.jpg 1 298 61 105 105
0023_0117_0094_0185_0185.jpg 1 117 94 185 185
0024_0126_0124_0321_0321.jpg 1 126 124 321 321
0025_0095_0137_0297_0297.jpg 1 95 137 297 297
0026_0101_0074_0302_0302.jpg 1 101 74 302 302
0027_0084_0058_0067_0067.jpg 1 84 58 67 67
0028_0068_0099_0305_0305.jpg 1 68 99 305 305
0029_0167_0153_0284_0284.jpg 1 167 153 284 284
0030_0095_0077_0216_0216.jpg 1 95 77 216 216
0031_0126_0126_0317_0317.jpg 1 126 126 317 317
0032_0157_0133_0258_0258.jpg 1 157 133 258 258
0033_0180_0021_0301_0301.jpg 1 180 21 301 301
0034_0312_0217_0206_0206.jpg 1 312 217 206 206
0035_0352_0228_0151_0151.jpg 1 352 228 151 151
0036_0154_0072_0303_0303.jpg 1 154 72 303 303
0037_0115_0076_0267_0267.jpg 1 115 76 267 267
0038_0202_0096_0297_0297.jpg 1 202 96 297 297
0039_0124_0122_0228_0228.jpg 1 124 122 228 228
0040_0076_0085_0080_0080.jpg 1 76 85 80 80
0041_0320_0081_0207_0207.jpg 1 320 81 207 207
0042_0074_0046_0245_0245.jpg 1 74 46 245 245
0043_0112_0052_0107_0107.jpg 1 112 52 107 107
0044_0189_0028_0255_0255.jpg 1 189 28 255 255
0045_0082_0156_0206_0206.jpg 1 82 156 206 206
0046_0078_0219_0176_0176.jpg 1 78 219 176 176
0047_0066_0188_0325_0325.jpg 1 66 188 325 325
0048_0373_0150_0089_0089.jpg 1 373 150 89 89
0049_0399_0333_0048_0048.jpg 1 399 333 48 48
0050_0165_0294_0232_0232.jpg 1 165 294 232 232
0051_0080_0225_0054_0054.jpg 1 80 225 54 54
0052_0339_0050_0139_0139.jpg 1 339 50 139 139
0053_0071_0102_0130_0130.jpg 1 71 102 130 130
0054_0086_0205_0201_0201.jpg 1 86 205 201 201
0055_0290_0071_0255_0255.jpg 1 290 71 255 255
0056_0133_0125_0147_0147.jpg 1 133 125 147 147
0057_0228_0092_0245_0245.jpg 1 228 92 245 245
0058_0181_0237_0079_0079.jpg 1 181 237 79 79
0059_0198_0275_0096_0096.jpg 1 198 275 96 96
0060_0311_0080_0183_0183.jpg 1 311 80 183 183
0061_0245_0074_0311_0311.jpg 1 245 74 311 311
0062_0058_0272_0060_0060.jpg 1 58 272 60 60
0063_0217_0149_0102_0102.jpg 1 217 149 102 102
0064_0175_0145_0187_0187.jpg 1 175 145 187 187
0065_0162_0204_0209_0209.jpg 1 162 204 209 209
0066_0287_0047_0275_0275.jpg 1 287 47 275 275
0067_0175_0048_0228_0228.jpg 1 175 48 228 228
0068_0117_0167_0068_0068.jpg 1 117 167 68 68
0069_0170_0275_0053_0053.jpg 1 170 275 53 53
0070_0393_0165_0087_0087.jpg 1 393 165 87 87
0071_0202_0194_0208_0208.jpg 1 202 194 208 208
0072_0237_0115_0319_0319.jpg 1 237 115 319 319
0073_0123_0154_0196_0196.jpg 1 123 154 196 196
0074_0153_0039_0280_0280.jpg 1 153 39 280 280
0075_0205_0064_0285_0285.jpg 1 205 64 285 285
0076_0096_0078_0329_0329.jpg 1 96 78 329 329
0077_0062_0110_0289_0289.jpg 1 62 110 289 289
0078_0361_0057_0160_0160.jpg 1 361 57 160 160
0079_0021_0236_0315_0315.jpg 1 21 236 315 315
0080_0401_0075_0121_0121.jpg 1 401 75 121 121
0081_0072_0403_0125_0125.jpg 1 72 403 125 125
0082_0051_0217_0309_0309.jpg 1 51 217 309 309
0083_0071_0160_0122_0122.jpg 1 71 160 122 122
0084_0247_0133_0308_0308.jpg 1 247 133 308 308
0085_0334_0046_0190_0190.jpg 1 334 46 190 190
0086_0032_0205_0229_0229.jpg 1 32 205 229 229
0087_0381_0220_0120_0120.jpg 1 381 220 120 120
0088_0141_0193_0080_0080.jpg 1 141 193 80 80
0089_0300_0150_0200_0200.jpg 1 300 150 200 200
0090_0080_0196_0282_0282.jpg 1 80 196 282 282
0091_0203_0155_0186_0186.jpg 1 203 155 186 186
0092_0188_0058_0185_0185.jpg 1 188 58 185 185
0093_0218_0104_0278_0278.jpg 1 218 104 278 278
0094_0248_0097_0231_0231.jpg 1 248 97 231 231
0095_0305_0074_0251_0251.jpg 1 305 74 251 251
0096_0097_0065_0243_0243.jpg 1 97 65 243 243
0097_0115_0186_0295_0295.jpg 1 115 186 295 295
0098_0097_0073_0328_0328.jpg 1 97 73 328 328
0099_0109_0339_0144_0144.jpg 1 109 339 144 144
0100_0155_0148_0176_0176.jpg 1 155 148 176 176
0101_0151_0180_0225_0225.jpg 1 151 180 225 225
0102_0229_0274_0083_0083.jpg 1 229 274 83 83
0103_0170_0051_0098_0098.jpg 1 170 51 98 98
0104_0103_0084_0221_0221.jpg 1 103 84 221 221
0105_0060_0162_0335_0335.jpg 1 60 162 335 335
0106_0193_0179_0236_0236.jpg 1 193 179 236 236
0107_0117_0137_0270_0270.jpg 1 117 137 270 270
0108_0077_0399_0073_0073.jpg 1 77 399 73 73
0109_0226_0059_0279_0279.jpg 1 226 59 279 279
0110_0255_0255_0125_0125.jpg 1 255 255 125 125
0111_0452_0200_0057_0057.jpg 1 452 200 57 57
0112_0152_0198_0214_0214.jpg 1 152 198 214 214
0113_0382_0077_0156_0156.jpg 1 382 77 156 156
0114_0075_0064_0281_0281.jpg 1 75 64 281 281
0115_0284_0243_0154_0154.jpg 1 284 243 154 154
0116_0114_0124_0272_0272.jpg 1 114 124 272 272
0117_0110_0182_0069_0069.jpg 1 110 182 69 69
0118_0245_0173_0153_0153.jpg 1 245 173 153 153
0119_0052_0207_0257_0257.jpg 1 52 207 257 257
0120_0075_0102_0264_0264.jpg 1 75 102 264 264
0121_0132_0103_0220_0220.jpg 1 132 103 220 220
0122_0061_0129_0281_0281.jpg 1 61 129 281 281
0123_0259_0108_0262_0262.jpg 1 259 108 262 262
0124_0205_0060_0120_0120.jpg 1 205 60 120 120
0125_0194_0029_0204_0204.jpg 1 194 29 204 204
0126_0272_0303_0078_0078.jpg 1 272 303 78 78
0127_0223_0210_0145_0145.jpg 1 223 210 145 145
0128_0120_0177_0190_0190.jpg 1 120 177 190 190
